digits
['CORRECT_train', 'MISS_test']
diff_nodes(len:19): [3, 4, 6, 10, 11, 18, 24, 25, 26, 27, 28, 29, 34, 36, 37, 50, 51, 53, 54]
diff_nodes(len:23): [3, 4, 5, 9, 11, 18, 24, 25, 26, 27, 28, 29, 30, 34, 37, 38, 44, 45, 46, 50, 51, 53, 54]
diff_nodes(len:20): [3, 4, 5, 9, 20, 22, 24, 25, 27, 28, 29, 30, 36, 46, 50, 51, 52, 53, 54, 58]
diff_nodes(len:23): [1, 2, 3, 6, 10, 11, 12, 13, 19, 25, 26, 27, 29, 30, 36, 43, 46, 48, 50, 51, 53, 54, 58]
diff_nodes(len:18): [9, 10, 11, 12, 13, 17, 25, 27, 28, 29, 30, 41, 43, 46, 50, 53, 54, 58]
diff_nodes(len:19): [1, 5, 11, 13, 18, 19, 20, 22, 25, 26, 27, 30, 38, 48, 50, 51, 52, 54, 59]
diff_nodes(len:22): [1, 4, 10, 11, 12, 19, 25, 26, 27, 29, 30, 36, 43, 46, 48, 50, 51, 52, 53, 54, 58, 60]
diff_nodes(len:27): [3, 4, 5, 6, 9, 10, 11, 13, 18, 20, 21, 23, 25, 26, 27, 29, 30, 31, 34, 37, 38, 46, 50, 51, 52, 53, 54]
diff_nodes(len:29): [2, 3, 5, 9, 10, 11, 12, 13, 18, 20, 21, 24, 25, 26, 27, 28, 29, 30, 34, 35, 37, 38, 43, 46, 50, 51, 52, 53, 54]
diff_nodes(len:32): [2, 3, 5, 9, 10, 11, 12, 13, 18, 19, 20, 21, 24, 25, 26, 27, 28, 29, 30, 34, 35, 37, 38, 42, 43, 46, 50, 51, 52, 53, 54, 58]
diff_nodes(len:31): [2, 3, 5, 9, 10, 11, 12, 13, 18, 20, 24, 25, 26, 27, 28, 29, 30, 33, 34, 35, 36, 37, 38, 43, 46, 50, 51, 52, 53, 54, 58]
diff_nodes(len:22): [3, 4, 5, 6, 9, 10, 11, 18, 24, 25, 26, 27, 29, 30, 34, 38, 46, 50, 51, 52, 53, 54]
diff_nodes(len:18): [1, 3, 4, 12, 13, 18, 19, 25, 27, 28, 30, 46, 50, 51, 52, 53, 54, 58]
diff_nodes(len:24): [1, 3, 4, 9, 10, 12, 17, 18, 25, 26, 27, 28, 29, 30, 34, 38, 41, 42, 46, 50, 51, 53, 54, 58]
diff_nodes(len:25): [3, 5, 9, 13, 18, 21, 22, 24, 25, 26, 27, 28, 29, 33, 34, 35, 37, 38, 46, 50, 51, 53, 54, 59, 61]
diff_nodes(len:25): [3, 4, 5, 9, 11, 12, 18, 20, 21, 25, 26, 27, 28, 29, 30, 34, 35, 36, 37, 42, 51, 53, 54, 59, 60]
diff_nodes(len:23): [1, 3, 4, 6, 10, 11, 13, 18, 19, 20, 25, 26, 28, 29, 30, 36, 37, 38, 48, 50, 52, 53, 59]
diff_nodes(len:23): [3, 4, 6, 10, 14, 18, 19, 23, 24, 25, 26, 27, 28, 29, 34, 36, 37, 38, 48, 50, 52, 53, 59]
diff_nodes(len:17): [3, 4, 11, 13, 18, 19, 25, 27, 28, 30, 36, 37, 46, 50, 51, 52, 54]
diff_nodes(len:22): [4, 9, 11, 13, 18, 25, 26, 27, 28, 29, 30, 35, 36, 37, 42, 43, 44, 46, 50, 52, 53, 54]
correct_success_num:17 total_sample_num:20 success_rate:85.0
