mnist
['CORRECT_train', 'MISS_test']
diff_nodes(len:94): [67, 72, 74, 91, 98, 262, 263, 264, 265, 267, 270, 274, 275, 283, 285, 290, 291, 296, 299, 314, 317, 343, 344, 346, 348, 367, 380, 507, 508, 509, 510, 511, 512, 514, 515, 516, 520, 522, 523, 526, 527, 528, 538, 539, 540, 542, 544, 545, 546, 550, 551, 552, 553, 555, 566, 567, 568, 569, 571, 573, 576, 577, 594, 595, 597, 599, 600, 601, 604, 605, 621, 626, 627, 630, 631, 648, 650, 653, 654, 655, 656, 657, 658, 659, 661, 684, 685, 686, 687, 709, 710, 712, 714, 715]
diff_nodes(len:37): [43, 71, 72, 75, 95, 120, 255, 256, 261, 264, 267, 270, 271, 296, 297, 298, 304, 324, 326, 327, 329, 506, 509, 510, 513, 516, 518, 519, 522, 541, 543, 545, 546, 570, 571, 572, 575]
diff_nodes(len:37): [71, 72, 74, 75, 76, 77, 93, 95, 96, 98, 104, 119, 131, 132, 133, 255, 256, 261, 263, 266, 267, 268, 273, 274, 282, 289, 506, 507, 510, 511, 513, 514, 517, 519, 521, 522, 537]
diff_nodes(len:43): [45, 71, 74, 75, 76, 98, 100, 126, 150, 152, 177, 178, 179, 182, 206, 209, 255, 261, 262, 263, 267, 289, 304, 506, 507, 508, 513, 514, 515, 516, 517, 518, 519, 520, 521, 522, 523, 526, 543, 545, 546, 550, 578]
diff_nodes(len:33): [65, 71, 72, 74, 75, 255, 261, 262, 263, 270, 298, 304, 506, 507, 508, 513, 514, 515, 516, 517, 518, 519, 520, 521, 522, 541, 542, 543, 544, 545, 546, 569, 570]
diff_nodes(len:100): [70, 74, 76, 95, 104, 106, 255, 257, 262, 263, 264, 265, 266, 267, 270, 271, 274, 283, 287, 288, 289, 290, 293, 296, 297, 298, 299, 304, 311, 313, 314, 315, 317, 318, 319, 320, 321, 322, 326, 327, 329, 507, 513, 514, 515, 517, 519, 520, 521, 522, 523, 524, 526, 528, 542, 543, 544, 545, 546, 549, 550, 551, 552, 553, 569, 571, 572, 573, 574, 576, 577, 579, 597, 598, 599, 600, 601, 602, 603, 604, 605, 625, 626, 627, 629, 630, 631, 632, 653, 654, 655, 656, 657, 658, 659, 661, 685, 709, 711, 712]
diff_nodes(len:102): [9, 67, 70, 71, 74, 76, 91, 94, 97, 102, 106, 126, 149, 154, 178, 180, 181, 183, 206, 209, 210, 211, 233, 235, 236, 261, 262, 263, 264, 265, 266, 267, 275, 289, 290, 293, 296, 297, 298, 304, 317, 318, 319, 320, 326, 327, 329, 506, 515, 520, 521, 522, 523, 526, 528, 535, 541, 543, 544, 545, 550, 551, 552, 553, 569, 571, 572, 573, 574, 576, 577, 578, 579, 580, 599, 600, 602, 604, 605, 626, 627, 630, 631, 656, 657, 658, 659, 661, 685, 686, 687, 709, 711, 712, 713, 714, 716, 717, 737, 741, 743, 744]
diff_nodes(len:63): [42, 72, 74, 75, 94, 96, 98, 124, 127, 129, 149, 151, 154, 179, 180, 181, 183, 185, 207, 208, 209, 210, 211, 212, 213, 238, 239, 240, 255, 261, 262, 263, 267, 270, 271, 274, 275, 289, 290, 298, 304, 506, 507, 508, 513, 514, 515, 517, 519, 520, 521, 522, 542, 543, 544, 545, 546, 547, 569, 571, 572, 574, 577]
diff_nodes(len:65): [42, 69, 72, 74, 75, 94, 95, 96, 98, 104, 258, 261, 262, 263, 264, 265, 267, 269, 270, 274, 275, 284, 288, 289, 290, 293, 314, 337, 506, 507, 508, 513, 514, 515, 517, 519, 520, 521, 523, 526, 528, 542, 543, 544, 545, 546, 547, 549, 550, 569, 571, 572, 573, 574, 576, 577, 598, 599, 602, 603, 604, 605, 626, 627, 630]
diff_nodes(len:58): [71, 74, 76, 93, 94, 95, 96, 98, 256, 259, 260, 261, 262, 263, 264, 265, 270, 273, 274, 275, 276, 284, 287, 289, 290, 291, 292, 298, 299, 300, 301, 302, 311, 314, 326, 327, 330, 331, 361, 389, 417, 444, 445, 470, 495, 496, 497, 506, 507, 508, 513, 514, 515, 517, 519, 521, 522, 542]
diff_nodes(len:85): [71, 74, 75, 98, 100, 101, 255, 262, 263, 267, 270, 274, 289, 290, 291, 294, 295, 297, 317, 506, 507, 508, 513, 514, 515, 516, 517, 519, 520, 521, 522, 523, 524, 525, 526, 528, 542, 543, 544, 545, 546, 549, 550, 551, 552, 553, 555, 557, 569, 570, 571, 572, 573, 574, 576, 577, 597, 598, 599, 600, 601, 602, 603, 604, 605, 625, 626, 627, 629, 630, 631, 653, 654, 655, 656, 657, 658, 659, 661, 685, 709, 711, 712, 713, 714]
diff_nodes(len:137): [12, 13, 37, 42, 45, 65, 66, 67, 70, 73, 75, 76, 77, 89, 93, 95, 97, 99, 101, 102, 104, 105, 106, 107, 122, 123, 126, 128, 130, 131, 158, 159, 161, 166, 177, 178, 179, 181, 183, 184, 185, 186, 187, 188, 205, 207, 208, 209, 210, 211, 212, 213, 214, 215, 218, 233, 234, 238, 239, 240, 242, 243, 244, 246, 247, 249, 250, 255, 256, 257, 263, 266, 267, 268, 269, 270, 274, 275, 277, 289, 293, 294, 300, 304, 318, 319, 320, 321, 322, 323, 324, 325, 326, 342, 343, 345, 346, 356, 357, 361, 507, 509, 510, 513, 514, 515, 517, 519, 520, 521, 522, 523, 526, 528, 541, 542, 543, 544, 545, 546, 547, 549, 550, 552, 569, 570, 571, 572, 573, 574, 577, 597, 599, 600, 605, 626, 627]
diff_nodes(len:46): [148, 149, 150, 152, 153, 154, 156, 157, 158, 159, 185, 187, 205, 208, 209, 212, 233, 235, 236, 256, 257, 258, 259, 261, 262, 263, 264, 267, 270, 271, 273, 275, 283, 284, 289, 294, 295, 297, 304, 311, 317, 318, 506, 508, 522, 717]
diff_nodes(len:71): [71, 74, 75, 93, 95, 96, 98, 101, 102, 105, 255, 261, 262, 263, 264, 265, 267, 268, 270, 273, 274, 275, 276, 314, 342, 343, 344, 367, 506, 507, 508, 513, 515, 517, 519, 520, 521, 522, 543, 544, 545, 547, 569, 571, 572, 573, 576, 577, 599, 600, 604, 605, 626, 627, 630, 631, 655, 656, 657, 658, 659, 684, 685, 686, 687, 709, 711, 712, 713, 714, 717]
diff_nodes(len:87): [71, 74, 75, 93, 95, 96, 97, 99, 102, 121, 128, 129, 157, 177, 180, 184, 185, 261, 263, 264, 265, 266, 267, 268, 269, 275, 277, 284, 289, 290, 293, 294, 296, 304, 317, 318, 319, 320, 506, 507, 508, 509, 511, 512, 513, 515, 516, 517, 518, 520, 523, 524, 525, 526, 528, 536, 537, 541, 564, 566, 567, 568, 569, 571, 572, 573, 576, 577, 592, 597, 599, 600, 602, 604, 605, 626, 627, 630, 631, 653, 654, 655, 656, 657, 658, 659, 685]
diff_nodes(len:43): [75, 76, 93, 94, 96, 98, 101, 102, 105, 119, 122, 145, 255, 257, 262, 263, 264, 265, 266, 267, 270, 273, 274, 275, 276, 283, 289, 291, 294, 295, 297, 311, 317, 506, 507, 508, 509, 511, 512, 513, 522, 536, 537]
diff_nodes(len:67): [67, 71, 74, 75, 76, 91, 95, 98, 257, 261, 262, 264, 268, 273, 274, 275, 289, 293, 318, 319, 320, 321, 506, 507, 508, 513, 515, 517, 519, 520, 521, 522, 523, 526, 528, 544, 545, 569, 571, 572, 573, 574, 576, 577, 599, 600, 604, 605, 626, 627, 630, 631, 655, 656, 657, 658, 659, 661, 684, 685, 686, 687, 709, 711, 712, 713, 717]
diff_nodes(len:59): [67, 71, 74, 75, 150, 255, 261, 262, 263, 264, 265, 266, 270, 271, 273, 275, 289, 290, 293, 506, 507, 508, 513, 514, 515, 517, 519, 520, 521, 523, 526, 542, 543, 544, 545, 546, 547, 569, 571, 572, 573, 574, 576, 577, 598, 599, 600, 601, 602, 603, 604, 626, 627, 629, 630, 654, 655, 657, 660]
diff_nodes(len:33): [71, 74, 75, 124, 125, 128, 131, 189, 256, 262, 265, 267, 269, 289, 291, 294, 297, 304, 317, 318, 506, 507, 508, 513, 514, 515, 519, 520, 521, 522, 542, 543, 545]
diff_nodes(len:55): [67, 71, 130, 131, 147, 149, 150, 152, 154, 157, 158, 159, 162, 177, 185, 189, 199, 205, 207, 209, 217, 255, 259, 262, 263, 267, 270, 272, 273, 274, 275, 276, 289, 299, 300, 301, 302, 304, 314, 326, 342, 343, 344, 367, 371, 506, 507, 508, 513, 516, 518, 519, 522, 541, 543]
correct_success_num:6 total_sample_num:20 success_rate:30.0
