before_corrected
hidden:{} [ 0.86  0.79  0.67  0.14 11.   12.   -1.45  1.12 -1.36  0.33  0.02 -1.1  -0.22]
hidden:{} [ 0.    0.   15.97 15.75  0.   18.69  0.    1.32  8.2   0.    2.88  0.  ]
hidden:{} [22.17 13.38 15.62 25.79  2.1   0.    3.76]
hidden:{} [10.6  51.13  0.68  8.19]
hidden:{} [0. 1. 0.]
after_corrected
hidden[4]:[0.0, 5.6443164e-13, 1.0]
hidden[3]:[0.0, 34.062202, 0.6848537, 30.211702]
hidden[2]:[13.2034645, 10.71896, 6.0688453, 14.811768, 2.1006732, 0.0, 13.799361]
hidden[1]:[7.6279407, 0.0, 13.216142, 0.0, 0.0, 10.638323, 0.0, 1.3175678, 8.200069, 3.0006044, 11.971155, 0.0]
hidden[0]:[-0.5930754951779654, 0.7889612820390872, 0.6703160016363542, 0.1368273069469875, 8.745797302956635, 0.8032518287973495, -0.9763556689599657, 1.1202632649285058, -1.3631002039565079, 0.33324436987461215, 0.01985652973001945, -1.0987067978709883, -0.21670082967247872]

ideal_hidden[0]:[-0.59  0.79  0.67  0.14  8.75  0.8  -0.98  1.12 -1.36  0.33  0.02 -1.1  -0.22]
->[array([-0.59,  0.79,  0.67,  0.14,  8.75,  0.8 , -0.98,  1.12, -1.36,  0.33,  0.02, -1.1 , -0.22])]
->[array([ 7.63,  0.  , 13.22,  0.  ,  0.  , 10.64,  0.  ,  1.32,  8.2 ,  3.  , 11.97,  0.  ])]
->[array([1.32e+01, 1.07e+01, 6.07e+00, 1.48e+01, 2.10e+00, 6.32e-08, 1.38e+01])]
->[array([ 0.  , 34.06,  0.68, 30.21])]
->[array([5.90e-52, 5.64e-13, 1.00e+00])]

iris
finished at parent_layer:0
child_data:[6.7  3.   4.54 1.6 ]
before_corrected
hidden:{} [6.7 3.  5.  1.7]
hidden:{} [ 0.   21.56]
hidden:{} [7.98e-05 1.43e-01 8.57e-01]
after_corrected
hidden[2]:[0.0005062401, 0.90921575, 0.090278044]
hidden[1]:[0.0, 16.651377]
hidden[0]:[6.7, 3.0, 4.538531221302216, 1.6]

ideal_hidden[0]:[6.7  3.   4.54 1.6 ]
->[array([6.7 , 3.  , 4.54, 1.6 ])]
->[array([ 0.  , 16.65])]
->[array([5.06e-04, 9.09e-01, 9.03e-02])]